1000
3413 
8648 1441 616 2321 7313 
5657 
4783 453 1070 526 6093 
844 
7723 3083 2849 6786 9791 
2572 
95 8213 2178 7618 5281 
7651 
9927 1499 2212 1164 6156 
9636 
3541 1231 8762 3986 8606 
3831 
465 3375 4424 5940 8266 
3500 
5164 9287 7063 6241 2081 
5100 
9600 6765 1716 2974 5943 
8470 
1183 8552 4933 1822 6752 
7732 
5552 2596 8655 8054 1922 
6017 
5745 2757 7221 9348 4959 
3556 
8830 1863 2177 59 1184 
1324 
2493 2532 3184 5930 9531 
523 
8950 1274 2922 3287 3080 
6706 
4412 6507 8066 5008 2757 
4467 
976 5990 2889 1485 3975 
7950 
5112 2048 8324 1095 2281 
1741 
6724 5487 5026 4893 7922 
6551 
1976 542 5006 6994 1427 
3658 
9657 4160 9028 6244 9173 
3667 
274 5790 3971 3382 236 
255 
2595 6553 9219 5410 8460 
106 
7279 6525 7481 8140 6622 
4400 
2901 4660 141 9594 9584 
6421 
1089 4726 847 3447 3669 
4364 
4607 5457 1357 4645 9735 
7358 
315 9895 7184 3526 5124 
4179 
3328 5169 4112 8760 2179 
9448 
898 7823 7473 9221 2458 
9128 
9680 7140 8737 3252 638 
2450 
3890 5890 8194 3203 5893 
8718 
4648 2987 589 4310 5433 
7216 
6752 9868 82 3921 2499 
3059 
9973 5333 2646 604 2081 
2236 
6873 6588 6962 9509 8154 
607 
6771 3400 6821 7454 3544 
191 
4710 9689 1450 2418 9259 
6706 
9819 2441 8195 7695 5927 
4378 
4891 6545 3309 8408 9254 
5196 
6778 5734 1441 658 3390 
2800 
3999 609 1227 2098 2054 
3195 
2266 3912 7800 4897 8350 
7767 
1402 667 7693 1883 7509 
5377 
5155 1609 1028 460 17 
9023 
1182 7993 8855 4951 3827 
2653 
8446 675 8786 3117 495 
1599 
8440 7699 2551 8833 2852 
523 
3891 9135 8466 6497 9001 
4201 
7625 8245 4980 9617 2123 
3469 
5182 7452 615 2464 8277 
3396 
2594 529 4030 3 3466 
4540 
8018 8670 8914 9758 2079 
6234 
2524 8086 2503 6124 4856 
1911 
8029 8897 7870 8943 4560 
4550 
9907 2671 3113 5900 7639 
2470 
853 8615 1747 579 2423 
4651 
8606 6303 6942 4339 393 
5275 
933 2285 9137 935 5938 
4835 
8029 4897 3078 2959 8106 
8955 
5463 9191 1202 5301 4976 
7985 
1869 6160 2445 5080 4952 
9416 
79 7854 8326 3987 7932 
9055 
882 1377 8363 5692 2607 
6360 
6042 731 6657 9076 7055 
885 
3840 9062 9673 8470 8937 
5273 
6766 9818 1944 8258 8993 
4113 
8924 257 6905 8972 1345 
5426 
8070 6988 1770 8805 7262 
3472 
3183 4905 5227 2542 896 
1082 
7659 4194 30 4983 7076 
6116 
7472 4991 1040 4320 5534 
426 
2304 4029 7650 9553 7425 
2915 
9017 9959 1825 7869 2631 
5327 
9299 3373 7189 4743 5584 
7391 
4083 481 2077 5333 1525 
6953 
6310 3609 3175 9057 8195 
321 
3239 7948 6570 246 1292 
8078 
3090 2282 8058 6563 4882 
2276 
4521 6776 6881 2417 1479 
7329 
1089 4335 5254 7599 2331 
3236 
665 3351 680 7726 9582 
6262 
5688 1826 1599 9102 9531 
2496 
2601 289 1356 3727 8465 
875 
5182 2016 4471 5440 7006 
9296 
2904 4658 922 3830 2167 
2461 
7127 2972 8005 4104 2618 
6843 
2230 6992 8610 9884 9347 
3414 
2423 3475 9793 5328 5003 
4581 
4836 6746 8691 8353 4385 
4238 
9155 3331 6082 7953 9632 
4989 
8412 1596 2788 2524 6079 
3335 
9959 3444 1238 4143 5926 
1355 
8311 1500 621 9506 7141 
6332 
5810 6901 6107 9687 6216 
8245 
7445 1805 2314 6144 2955 
5437 
8458 5021 4102 4387 947 
8510 
4382 8281 6667 7810 7195 
7860 
2729 3781 9439 5902 3959 
3861 
1562 7250 4735 9200 9227 
969 
6817 3469 7315 1930 4593 
2550 
4964 5192 4963 5108 2639 
1355 
3276 4076 3491 6245 7163 
4834 
1411 7694 2274 2226 5693 
7097 
1804 6064 8777 9164 7330 
2393 
9913 5631 1976 7279 4856 
5729 
583 1123 4046 2681 8075 
6003 
6904 8435 3754 786 8426 
8464 
3866 8239 5473 4450 4693 
3762 
2603 9356 3679 7159 2860 
2714 
9108 3220 1748 1967 3414 
1887 
6290 8854 9277 2349 4537 
8484 
3283 4452 2864 7001 8113 
3574 
701 7303 2335 2685 587 
9420 
4734 9209 8633 7033 3518 
9289 
4557 4100 443 6701 9780 
8141 
764 1620 8454 9678 4610 
9795 
9076 5454 2284 2117 7381 
4044 
1822 5842 373 7717 7426 
6046 
9665 6684 8643 6096 3163 
3685 
1054 7808 7181 9010 8638 
5451 
2861 7016 8385 2064 4366 
4086 
4244 5586 8223 3677 7142 
3932 
9999 2409 6312 6716 7212 
9045 
9872 9985 2258 7713 2247 
7934 
325 2364 6633 1020 5334 
8937 
7662 387 9056 2813 7744 
4361 
6736 5156 1774 764 4688 
8240 
525 8966 9420 2282 5988 
2889 
289 1160 3938 4184 2921 
6769 
2184 8011 8660 6977 10000 
7787 
1887 2980 9429 5654 2303 
6255 
672 1843 8233 2159 1790 
4323 
930 8576 7006 3684 3884 
3240 
5898 8859 547 3439 5354 
7246 
9227 7832 1678 9820 2959 
6579 
9125 196 72 2343 8481 
3984 
2051 6445 2666 5830 673 
2166 
7456 1299 6018 747 834 
1174 
3398 7672 8513 4169 7814 
1415 
6794 7330 3306 2277 7431 
3983 
7641 5771 8145 2338 9343 
4774 
2900 920 8075 671 7904 
5531 
6212 4918 4830 8836 7145 
8498 
6844 9197 315 6745 5907 
6310 
746 3141 5226 1726 254 
4328 
5027 428 7194 5149 2701 
8240 
9395 6567 8155 6954 5248 
2689 
4367 494 2285 5192 2312 
9729 
7694 2641 1305 3775 8201 
7299 
5051 1930 5330 1600 4428 
1431 
6593 2938 6896 7241 2325 
8541 
1989 8825 9058 4487 4529 
4352 
4198 5889 5402 2357 973 
8051 
6282 9881 7949 2431 2704 
7213 
2850 4293 9477 305 3782 
4054 
1963 7928 3923 7081 2071 
6613 
4066 4330 9261 1493 8592 
5387 
2308 2580 4588 5342 3270 
3384 
5938 7261 1699 6612 613 
5444 
3224 1255 7014 3006 3747 
297 
1668 51 1314 7004 7961 
5006 
7707 3113 3629 2235 353 
7580 
2649 9295 8373 6928 9071 
6560 
3467 7296 3211 6707 7380 
2246 
5386 5230 969 380 6848 
379 
197 313 7364 2664 6122 
6350 
2973 9519 826 4893 2315 
3344 
4419 7187 5400 1219 7479 
9995 
5172 8023 6538 4644 7532 
3630 
7603 9796 5860 56 4280 
1307 
7824 5306 1526 4768 23 
8350 
3803 3956 3056 3486 8582 
2868 
5805 7502 5784 2467 6329 
3613 
3813 1056 9355 3294 1799 
4181 
2562 2242 5062 2995 6815 
6494 
2561 37 7690 9984 4632 
6859 
5170 5255 4049 8492 7150 
9963 
9123 6959 182 1062 5944 
877 
8929 201 6248 6453 8903 
7276 
9524 3774 8226 5590 9415 
5650 
2257 1632 755 6276 6320 
1337 
3176 9140 1880 3713 9202 
6109 
4019 169 5860 8484 1452 
5834 
5811 5053 6151 7289 9013 
2225 
6533 7576 4939 5343 8326 
3016 
3870 5337 4735 4046 3272 
7901 
3138 2903 2902 9742 6949 
9733 
4148 2554 8764 4191 343 
5824 
6588 6013 494 4075 9408 
3793 
5182 9118 2386 2731 9314 
7094 
5729 378 4105 1845 4402 
1887 
4306 9983 9978 8271 4613 
6270 
3070 2032 9527 4144 6314 
3344 
6821 3197 1698 6754 9405 
5963 
1150 9445 9580 9874 2814 
7449 
869 4062 8297 796 1920 
3675 
7101 5778 1962 2716 5842 
2300 
4235 7213 4056 6838 2011 
6218 
3286 8073 9786 1727 1921 
4635 
2250 8962 7172 2842 9986 
8481 
5721 8893 4173 4661 4480 
9443 
2112 8940 9635 2168 5028 
355 
4112 2267 8167 7375 8570 
8994 
268 2031 4691 4499 5949 
2509 
1047 2215 4088 2889 2877 
2821 
3009 9886 7359 817 172 
3897 
6000 1974 3846 6110 7746 
8281 
3702 6507 4782 1511 8062 
1595 
1344 805 8224 8486 5843 
8059 
1937 8296 4315 4729 922 
7930 
2795 8658 4425 1951 3665 
2022 
2222 8816 1961 7826 2680 
8408 
2681 168 4045 5411 3705 
7025 
6108 2449 495 375 8581 
5705 
9578 4096 5184 7494 230 
3395 
6853 7187 9755 9213 6398 
2565 
5808 1747 6220 133 19 
2538 
4704 2669 3049 7417 4253 
3711 
291 5685 6149 1759 3093 
9070 
8862 8268 2444 4244 7662 
6002 
9528 4239 6223 3329 4113 
5777 
2777 4225 1407 7878 2464 
6394 
5795 4958 2841 1594 6141 
6404 
915 168 9129 3115 5672 
7010 
248 1373 8298 9328 353 
5855 
8628 5069 2971 6512 5489 
2563 
8775 2611 5816 4064 6320 
9138 
2880 3589 3182 7728 8976 
5305 
9144 7043 6392 9811 2182 
6265 
1390 397 6588 4184 830 
5458 
9031 9243 8852 7984 286 
142 
6942 2868 7212 1912 9388 
1485 
5763 3422 629 3615 8128 
2414 
7185 2421 3578 5955 9509 
5016 
4561 6779 7012 6413 784 
7354 
2034 2927 8009 4833 1855 
9777 
9111 5631 6181 8780 9122 
2460 
1636 9875 540 3079 4963 
4568 
2634 2163 3773 8094 6356 
1251 
3095 4623 3793 7449 9023 
5129 
7379 8162 9170 1043 6274 
3424 
9168 7494 874 7248 1790 
3050 
2386 8485 2800 5909 8722 
9394 
9085 8272 2625 4408 3926 
8836 
7528 2617 6865 7692 3823 
7972 
5450 5377 8097 7121 7919 
4195 
3367 1819 9827 3594 1937 
9025 
359 3458 7401 1703 9166 
9290 
4411 3632 1963 5464 524 
8212 
212 6173 1062 8238 2328 
585 
3092 6237 1848 9352 719 
182 
8455 467 8042 7832 6428 
7577 
2993 9662 6524 1079 848 
3672 
9657 8719 7675 1502 3362 
712 
3800 890 7798 7516 3365 
7861 
4217 8540 3462 2639 2490 
9753 
1022 5408 535 9231 1716 
1150 
9611 3474 8144 5039 2501 
4533 
1083 1226 860 4702 4295 
675 
4628 3145 9814 2317 9143 
2693 
61 9752 7098 6773 5446 
5471 
7920 4831 9958 5901 8412 
9795 
2754 4259 1647 6769 2339 
3276 
7444 3474 9643 6612 2753 
1516 
3362 7397 1555 8956 90 
2295 
7600 3166 3386 1818 8804 
199 
9522 1525 4191 2906 8163 
4542 
9250 2435 960 6294 4149 
7060 
9934 6923 526 2504 635 
7316 
1529 6296 5512 7908 5572 
818 
7365 947 491 390 4140 
5689 
8909 1053 5296 8514 298 
5690 
608 2327 7339 193 3104 
6376 
3245 6226 2318 1281 8656 
634 
7302 1165 5208 3698 2967 
329 
557 3822 7903 4356 6349 
6929 
243 4600 4823 9572 6770 
800 
5576 6993 433 6643 5370 
2026 
5313 6665 3477 4488 5552 
8203 
7892 9210 2825 9539 5874 
2742 
1623 6236 5305 4977 3325 
9986 
7373 6759 702 8772 5316 
4241 
475 5618 4515 8202 5629 
6683 
1946 9188 8911 4788 3462 
3120 
4066 220 521 1398 6775 
3154 
6888 8919 6699 1876 7622 
5102 
8966 5960 1815 3122 6778 
1743 
1827 1120 6990 1907 4549 
4116 
2084 471 6763 659 2331 
1576 
5462 1698 8936 5086 2280 
3089 
3495 1869 1067 6027 397 
986 
131 562 1735 4607 3671 
591 
6399 5074 1711 8839 84 
5069 
9841 4275 2894 5451 8884 
8736 
2679 6079 2082 1565 2732 
1788 
7222 5891 3730 5675 8106 
5558 
5396 8622 2785 620 5983 
7301 
803 8080 5131 2964 7491 
5758 
9569 7600 1655 6268 7515 
1365 
7192 487 7722 1128 1002 
1822 
4514 2400 4935 8045 7651 
2522 
725 9230 1175 7469 6256 
1625 
7190 4944 749 425 7083 
3986 
7719 154 5830 1615 1952 
6548 
3224 1602 5616 6961 3628 
1849 
7805 6216 4824 2340 7368 
7527 
4770 9647 7732 3022 7815 
6061 
1871 511 7949 2720 5598 
1119 
8622 7271 7464 3730 6156 
2147 
5685 1184 3165 6282 7317 
9086 
7291 5641 4324 3803 3640 
7136 
5773 7875 3454 979 2653 
8207 
5596 8466 7634 8496 732 
1122 
8354 2744 4179 5454 7091 
2872 
45 9319 862 8743 1637 
5297 
3562 5731 7978 6020 9868 
5502 
3013 3340 3469 9037 8761 
8213 
913 9897 5413 7697 653 
8350 
2585 2034 4929 9934 6548 
7982 
1348 9283 5483 803 2001 
270 
7223 2032 6520 6202 8554 
3759 
3544 665 5588 8849 2334 
3549 
6264 8891 1293 8439 797 
4896 
1633 2579 3284 1782 3023 
2798 
1232 1652 7246 1603 9653 
6446 
9053 112 5059 5893 4505 
7031 
6618 5958 8339 6521 8702 
2957 
1789 8001 5687 2643 8708 
2440 
7118 2206 5624 6942 9050 
8889 
3747 880 9288 3048 3329 
321 
6231 8419 7649 1268 3671 
4805 
5005 4136 2615 6731 810 
7673 
169 8499 6019 4206 2630 
9251 
446 225 8846 2663 2548 
5235 
1345 1939 3257 7652 8272 
6219 
7719 8504 4949 5937 6209 
4983 
5886 344 5512 1912 6655 
960 
6038 4150 4395 6200 4974 
1416 
7541 4813 167 4828 4257 
2685 
3394 7776 5371 4395 4491 
2011 
8285 8934 8390 2817 1843 
7363 
3879 5636 1590 3551 3027 
9868 
8232 8519 7233 4767 6829 
7095 
27 3489 5141 8380 6751 
7509 
3336 48 6048 6035 256 
5908 
6783 8303 7381 4039 6643 
8353 
8457 209 3791 4940 3904 
346 
6650 1276 4414 64 2957 
3144 
9137 112 3333 518 3608 
9180 
718 6616 329 634 9620 
9854 
3198 9059 7395 4119 4121 
5481 
9945 7452 9086 1356 3414 
3283 
9896 9282 5793 2018 8192 
5333 
1226 3811 6556 793 1028 
8484 
7739 9378 3476 5965 6144 
7464 
1950 4989 5014 1335 6020 
227 
2519 5957 1655 3121 1218 
3243 
8629 6867 329 1657 4186 
6369 
3396 5766 9497 3049 208 
534 
2785 5739 1685 1011 1983 
3281 
8985 5954 110 2465 8683 
2329 
8788 4939 2630 679 9735 
9161 
5225 6548 6736 2874 8584 
6012 
9077 5358 3985 8160 2580 
6862 
9064 8678 7472 7352 5868 
3649 
3214 2519 751 7426 9283 
7032 
8430 8746 8629 4317 7408 
2791 
2329 5973 2539 4786 5530 
2579 
2279 4231 3779 5324 6013 
4593 
1804 7940 3048 8686 8650 
3312 
3501 8395 1293 677 8519 
6743 
3994 189 7733 7519 3092 
6075 
3 9393 97 1750 2363 
4523 
1675 8343 73 7226 6232 
5119 
9072 9525 9967 7515 8422 
9974 
1395 6263 759 7679 1188 
3872 
1971 6911 9088 6131 5013 
7113 
7830 1949 929 1662 7828 
6042 
7769 3695 8730 1095 5727 
295 
2119 1107 2081 4457 7946 
1861 
6737 9754 9499 9654 1424 
7995 
7405 3171 175 61 6838 
5388 
1159 7328 5091 9573 848 
7912 
35 8801 5349 1965 8865 
3729 
4150 9136 7127 2421 3675 
7251 
3587 982 9661 9746 8302 
9809 
5768 1729 5050 9336 4388 
4871 
3407 637 1099 163 8013 
7303 
9384 2813 6104 6648 4026 
6743 
8672 7444 1638 2260 6745 
9673 
9149 7779 7458 2495 7291 
9645 
9118 1599 5390 8628 9381 
2031 
9183 370 3312 9863 5925 
9354 
5047 9338 4817 5157 408 
8338 
6790 1742 8990 7808 3360 
1355 
5747 7065 3679 4082 1810 
9703 
9275 3553 5645 1647 7742 
1822 
4626 8188 6231 8980 6565 
2007 
7908 5856 416 3712 1039 
2241 
5153 1936 1487 4519 3524 
7473 
7995 2914 6812 4971 2395 
3806 
8557 2743 469 156 790 
8941 
6943 3078 1055 4400 9648 
3158 
7033 6885 2587 724 2083 
2950 
1249 9970 3295 9634 6894 
311 
7573 2380 722 8242 5964 
1661 
8427 563 5861 6143 20 
239 
469 4552 2587 4646 5486 
3941 
2965 7689 1087 6611 1091 
1839 
3269 5243 9331 265 436 
2290 
7975 9831 7594 7995 3698 
6503 
9530 6157 2544 875 4794 
5354 
6770 8430 7723 4245 2259 
7303 
9438 3810 6854 6958 8920 
2212 
8839 3155 1262 4514 9162 
465 
1882 4327 1582 3557 3053 
7650 
2906 1658 3055 467 3054 
458 
4607 9397 5947 9112 2168 
103 
6208 1385 780 2239 2878 
9023 
3205 9964 5412 7475 5310 
4930 
1686 8161 605 7947 9378 
3973 
1555 9761 5303 789 1815 
8614 
5878 3909 4162 9840 4352 
6694 
6992 4971 236 3896 5335 
9936 
5340 2515 9835 9056 8071 
2585 
9709 2639 906 8920 6007 
1247 
9780 2570 4165 1858 2144 
9005 
9505 4913 8445 4601 6718 
5529 
8374 6924 7180 5307 6959 
5534 
4269 1564 1058 4008 8402 
9539 
4885 8642 5416 2880 5451 
8077 
5849 3155 9524 6996 3327 
9268 
4262 9777 6635 3652 6863 
7524 
8341 3081 154 7987 5128 
4500 
7406 5828 8882 6033 8991 
8006 
2802 2730 3648 9509 2273 
787 
8682 528 2606 3767 7595 
7526 
1719 4381 1092 5182 9849 
8343 
4517 7556 7213 5103 9329 
8212 
4772 7124 2359 6454 6131 
3699 
3324 7467 2232 2597 8870 
35 
8860 6108 751 7741 7450 
7291 
9479 8747 3787 2285 8611 
6480 
3125 6931 3450 8679 7759 
5510 
254 1272 4545 686 7236 
991 
570 2877 6186 9211 3203 
6638 
3196 6195 9622 5054 2300 
668 
8979 2534 2708 8165 62 
8944 
5948 1248 1337 9810 7100 
1776 
8790 6117 2883 6722 6839 
6878 
2913 9695 350 7133 4808 
2960 
6657 3739 2730 5126 1748 
6736 
9215 4362 6612 9861 3280 
621 
5970 5760 1177 2403 2696 
6200 
5486 817 5610 5474 5624 
1683 
3280 1726 4330 4222 1082 
6080 
7892 3112 2218 3866 2973 
8575 
8507 7877 3947 2740 7730 
688 
4385 5799 2996 6269 4144 
4120 
8300 7623 5293 2626 1754 
7171 
3347 2355 7108 4282 5974 
2045 
5614 5771 8545 9080 2447 
7392 
7492 8699 4901 745 6657 
9614 
6782 6410 395 4148 7911 
9839 
78 4214 6022 9896 756 
1256 
9917 7775 7392 8702 2397 
2620 
7386 8977 915 6086 2096 
4283 
52 9801 782 3404 5575 
2770 
272 9479 5540 8149 3563 
1445 
5870 7883 2427 1097 9236 
2331 
1717 7170 4321 101 5790 
9924 
8834 7863 1602 607 9766 
4396 
1999 6595 7221 253 9934 
6662 
3902 5657 8581 8356 1588 
7496 
7284 3744 8739 6148 6904 
292 
3904 5176 9436 7001 1833 
8032 
4057 9294 9056 9545 3542 
8436 
9502 8011 5606 8676 7408 
4669 
8639 4468 2651 2446 9236 
51 
4093 3905 3598 9510 8068 
5740 
1242 1146 2226 5470 1831 
9725 
5030 4907 8184 1201 6660 
7420 
8298 3592 7576 9062 5117 
8598 
9690 618 5846 394 7917 
7185 
282 7673 6246 1089 745 
739 
4898 381 746 8058 4951 
1562 
6127 242 357 3414 1866 
5986 
7532 8339 2540 7453 7543 
7883 
78 1995 6220 4948 7559 
5519 
9226 7522 2850 5376 1260 
2513 
6374 956 3981 6410 2296 
6380 
7607 9341 1909 167 7306 
9340 
6577 19 4928 2256 8268 
2627 
6088 2883 552 9971 1470 
359 
1286 5393 3669 9335 6985 
320 
7527 3734 9945 2472 5277 
454 
7052 8138 4708 5925 1326 
9992 
2332 5022 6376 4172 9280 
4956 
8883 5203 429 318 4620 
2429 
4194 3354 2601 5790 4303 
4879 
8094 1930 1872 4895 306 
9816 
6564 5032 7483 6263 3597 
7218 
6352 6170 7708 1162 9297 
2810 
3829 7269 250 4634 3509 
2141 
8732 2552 5513 5819 3696 
6805 
6429 1631 8667 5591 4078 
5950 
4434 1726 9277 6486 4769 
9014 
962 7717 7980 6169 6674 
773 
4963 8694 7828 9046 2601 
4061 
6275 5118 5971 8568 4686 
2160 
4998 7338 6268 3596 7179 
615 
8791 7901 5622 5026 2681 
4463 
2501 5687 2350 8880 1535 
6319 
7046 8729 6421 8947 9818 
5222 
281 6993 1491 3586 7376 
5804 
1488 9965 3439 5204 9307 
3518 
6878 5983 6852 9167 6045 
404 
6081 961 5384 1959 563 
3999 
3618 6001 7313 4723 5949 
4331 
9954 2245 3027 6958 4961 
7110 
8296 5357 5476 9724 2020 
8045 
2577 5900 6431 2826 717 
7742 
4771 4738 9702 131 755 
5781 
2870 7148 4147 2026 1645 
9614 
5381 6482 7723 3145 2123 
8631 
4387 5454 2141 487 3425 
2716 
7420 6863 7370 6313 4092 
3472 
1552 8254 2463 4538 1710 
6724 
8460 6045 3215 7418 8345 
6687 
6848 6346 5112 8918 2614 
3120 
7723 8717 5182 7802 645 
774 
5756 9437 4877 9522 9224 
2366 
9335 6737 9384 7949 8401 
1892 
6870 693 4069 9041 1786 
2976 
973 7311 7583 9785 8201 
4831 
3941 9131 547 440 3474 
4934 
556 7543 7916 1666 3461 
4968 
2946 9369 5315 5860 9759 
9301 
3439 2350 5457 3892 7223 
4741 
1855 2909 8056 4542 5795 
5894 
8450 3254 5261 3254 2993 
4438 
8955 5310 9634 6447 8247 
3244 
4575 2506 8919 9321 362 
6991 
5222 4835 4649 1729 60 
5975 
3823 9419 8940 2307 3338 
4305 
7440 212 9885 6708 821 
6179 
6113 3865 8472 1484 6571 
1818 
5313 4905 1597 9814 3093 
1004 
9601 535 5659 4844 3742 
237 
3970 3574 7316 478 2340 
2938 
4850 3329 7847 4277 3170 
9108 
2216 6914 2146 4022 14 
320 
7679 6660 3254 1859 7894 
9105 
7073 3739 5555 8594 1181 
7693 
1542 3398 3243 7458 6561 
9890 
3030 2959 8001 7354 3305 
8883 
2916 5244 5222 534 8981 
6085 
2063 7241 257 9231 1275 
4229 
9585 7157 3298 6580 5182 
3702 
1107 3623 6984 2971 2099 
8210 
4788 8629 6091 1085 7559 
7606 
1026 8894 7907 3689 9269 
3487 
3561 4295 1270 4311 7723 
7912 
169 4302 2251 8345 9553 
1065 
4411 3761 7878 2396 3045 
8724 
4371 3840 6104 2476 7040 
1815 
4336 4750 8671 9986 6179 
1915 
9434 9702 6834 7999 6776 
6282 
5159 779 7976 9617 6918 
3487 
3605 550 1776 2611 3091 
6377 
6346 4561 1089 533 5989 
2668 
7087 5491 827 7662 4389 
732 
1776 6627 5437 389 7086 
9921 
288 9880 2898 9090 6449 
5514 
7607 9208 6022 1438 5570 
2960 
6667 7766 4731 3034 132 
8676 
5194 9714 4735 7239 1490 
9035 
1250 3395 380 8227 2038 
4023 
1427 5618 6295 1621 8273 
8339 
5235 7472 491 9412 9304 
8082 
2996 2973 3674 6840 9013 
6409 
614 9190 5133 7414 7765 
9821 
1319 7185 1774 7630 6292 
6852 
4340 5070 3895 4816 9439 
8257 
8696 8579 4943 5060 398 
9042 
8638 1959 9241 3717 2188 
6578 
3288 3220 3949 1043 4962 
1485 
4649 7309 9972 3086 9428 
1942 
5359 7887 6277 3996 7233 
7965 
4525 3322 7280 1752 7130 
5287 
263 1206 769 8706 1938 
1109 
3582 3654 3642 6870 7268 
8444 
9195 7556 5701 2348 1682 
4705 
4023 4925 5758 5591 9367 
8042 
4175 1363 2238 657 5847 
5934 
4801 6605 7420 1598 4267 
4559 
5794 6418 1270 3262 5612 
1364 
6037 607 7753 9130 8053 
4210 
6986 6845 8790 6387 5001 
886 
3305 2227 3882 6310 277 
6879 
3860 7143 7291 8847 9713 
9748 
5412 1510 2113 6291 5081 
5110 
9466 6360 8613 1652 6689 
227 
4454 872 6048 3435 5732 
9612 
7109 4608 302 9498 9782 
8313 
3021 6989 3630 5490 4811 
5486 
6616 9780 2061 2514 4394 
359 
6828 7923 4169 4984 3195 
2969 
8659 4401 4326 3416 9279 
9434 
3164 8003 9882 2663 4984 
7027 
1502 8386 8388 7946 1429 
7027 
7652 2227 937 4543 7026 
5294 
9901 6080 9365 9059 161 
3368 
503 2234 2070 4874 1752 
7659 
7307 6627 4309 5743 2674 
1128 
6471 7808 4461 6553 5482 
317 
8788 1044 2295 317 816 
967 
4698 1002 2298 3305 3771 
1145 
6615 738 4677 108 4204 
6043 
9005 59 9251 1503 3928 
5746 
8608 5415 3886 2959 9300 
9540 
6065 2826 2877 3465 1925 
7929 
2837 2365 5906 2639 9594 
8772 
4689 9350 3776 113 6504 
4787 
5337 3822 8300 7051 5511 
434 
6939 7085 6129 2885 6668 
4990 
6354 4326 8519 526 75 
7976 
6415 5911 3876 8441 4747 
8938 
3253 243 4096 2428 3602 
1025 
5520 2909 3633 7221 5081 
4692 
8851 6597 7570 5026 1291 
3935 
2753 9482 580 2013 1097 
5711 
1336 1155 6304 3969 1660 
7163 
7663 7086 6662 6510 5474 
2757 
440 6203 7549 8667 22 
1425 
9470 7496 2040 9464 6535 
3943 
2301 862 1135 7512 4162 
1843 
8862 9204 8483 5860 7111 
3787 
9248 4274 8917 4536 6849 
3131 
8733 2971 4027 7499 6076 
6952 
9061 8865 2705 5680 2202 
7307 
86 814 2746 6690 8069 
5805 
1004 3139 1 8907 9552 
6582 
5028 8820 335 6813 5987 
8679 
7508 5065 1261 5754 1290 
8612 
2941 3412 591 6001 7620 
754 
2042 7650 414 3321 3403 
5130 
502 1103 4418 6083 8927 
6285 
9187 7245 1822 9454 6109 
2656 
3560 7679 1940 8805 9900 
5224 
5402 5126 5038 8543 5039 
5131 
5890 6 7334 2088 8011 
852 
8564 9033 6389 1606 8769 
9819 
8285 7629 4949 3671 6962 
5419 
7541 3387 8692 6647 1926 
3272 
200 1798 7488 5652 7445 
2045 
1828 1509 3297 5316 6439 
4374 
8637 6066 6949 4561 9140 
6845 
39 91 3631 5469 5115 
5086 
8860 8720 3494 5292 5114 
4111 
5452 7911 3165 4312 6523 
1984 
3409 5590 9140 1966 8822 
9173 
4294 9249 6404 2647 8323 
2331 
9127 6621 8175 5406 3440 
9509 
7872 8920 5030 9142 7845 
7989 
440 9904 7351 9723 4642 
8573 
3211 6801 6723 144 5110 
8563 
860 1105 9450 4241 662 
7273 
3305 3375 3748 1385 7140 
5123 
2216 741 7165 606 8275 
1284 
6086 6525 5024 4000 4710 
2041 
9883 7160 2751 8889 2425 
3762 
4309 4909 1456 7149 4750 
8529 
6308 6909 3461 9988 9311 
9216 
3422 6487 2187 3582 295 
9454 
8 5127 1634 711 5322 
7933 
1453 5080 8385 5572 5312 
5241 
1967 3411 7063 8492 4903 
3965 
6203 1709 6243 1860 7990 
8155 
9051 9015 8190 6421 9974 
3545 
362 7201 3452 2927 9619 
8329 
2634 2605 4222 9163 9848 
7041 
6360 7965 5637 7066 9172 
9461 
6062 6887 3725 5976 6096 
3228 
8208 6180 464 752 6781 
205 
4370 7098 6353 9141 4020 
8076 
2898 5533 4096 3504 670 
5429 
1654 4098 597 2132 394 
2928 
37 4504 8057 5762 9455 
5942 
4047 5059 1903 9137 1651 
9230 
8057 9255 2400 1524 9446 
6891 
7234 8002 7643 9484 6728 
6269 
114 8376 3824 4110 8397 
2715 
5769 8073 21 8189 6405 
3079 
6465 541 2625 5385 5894 
1584 
8187 6417 4084 586 9305 
6816 
9108 6079 7674 1401 1824 
2972 
8497 4148 8263 4739 4431 
3815 
1423 8105 6815 1808 1530 
3155 
8298 7131 134 3341 8428 
6870 
4916 9434 61 2722 3557 
7595 
802 8422 6762 7369 423 
2714 
3116 3037 3388 6576 3808 
6999 
5792 991 7784 296 6623 
5517 
4326 623 1833 3261 514 
6413 
6560 2481 5205 1222 6440 
2019 
5564 5831 9053 2244 3514 
8914 
3438 3502 9338 5664 6034 
3977 
3439 7131 3856 21 2395 
3207 
316 2133 3482 2410 2675 
9276 
5801 1207 4840 5649 1911 
9131 
8416 3496 3559 4611 6981 
9680 
770 767 9737 4466 6289 
2549 
7374 559 5242 9096 9674 
4166 
5481 6805 8137 8550 1867 
7646 
7283 7476 3153 2189 2504 
8890 
3576 7752 5354 742 4799 
170 
7105 8312 6767 8552 5753 
5829 
5888 5669 7179 6742 5291 
7924 
5354 8853 9955 4100 403 
667 
6661 2392 6048 3402 155 
2016 
4735 2601 1021 9361 1501 
1263 
2690 6954 9325 257 2432 
7796 
993 2673 6987 5411 7976 
1982 
5793 4124 8188 4003 4016 
4879 
4323 4558 1841 2991 6115 
8291 
3918 1457 6405 2873 9024 
9960 
1951 1458 191 4918 2899 
315 
2343 2070 9696 6463 6788 
7188 
4034 293 6597 9771 4303 
3425 
392 2295 7084 235 4774 
5352 
856 8054 4330 6428 5549 
2357 
4259 6758 1040 9754 3634 
5201 
8724 4969 8344 2448 5230 
4598 
4805 7209 1818 8032 3617 
1007 
9329 5601 2852 8719 2522 
9064 
8753 8456 3907 1370 5527 
5144 
4950 9204 6762 1567 3344 
2433 
7455 3934 4891 955 4468 
2771 
6721 5207 9861 8006 2889 
9189 
7591 9056 5514 2795 3210 
680 
9860 4414 1377 1546 4947 
6785 
1688 5884 5067 738 2320 
1247 
7057 6316 8985 1459 505 
9292 
5034 1052 4812 8568 4126 
1328 
1217 1203 6576 5848 7709 
3193 
4767 4224 1908 6753 7127 
1205 
3388 7504 1602 4218 2450 
8019 
3035 4065 9189 6365 4942 
1186 
4373 3532 9404 4181 8482 
3472 
4502 8953 1956 5843 1209 
5137 
3796 774 7126 6956 3020 
3055 
9596 5881 248 4304 7570 
7144 
4350 4325 5297 4960 3388 
7365 
603 4661 937 326 6299 
1463 
9913 3346 5105 848 4722 
7200 
1883 4543 7750 6483 9399 
5403 
7582 3892 3089 9052 7378 
1493 
2650 2012 9702 146 4413 
4883 
9825 7985 10000 1805 5917 
357 
4025 8521 2746 8471 9065 
1838 
8642 7062 9831 8831 8428 
4182 
5784 8920 3271 881 1155 
4400 
4972 4201 6097 8135 2580 
7124 
1867 6056 8779 3832 8715 
5583 
2088 114 151 7568 3014 
3354 
6510 3796 4765 5694 8052 
389 
2328 9926 6272 4302 7644 
5462 
2080 1261 124 452 184 
7994 
3629 6395 3882 4119 6796 
9983 
1444 1901 613 1347 3203 
2098 
4941 5232 6502 10000 8860 
7343 
2506 7826 7033 1596 298 
3184 
1103 4448 8656 8281 8165 
7232 
9164 3207 6964 9155 3929 
1255 
9114 9379 6413 7513 4744 
1266 
2144 569 7294 1197 5434 
8066 
8831 8298 5594 2173 4437 
8026 
5476 7218 4567 4236 3970 
5360 
4018 3268 9874 3924 4995 
7940 
662 3377 443 4096 9776 
8484 
982 7657 7835 2512 5668 
9650 
1858 2905 313 8675 9014 
2982 
4063 7126 4 6489 9850 
6829 
2077 3121 1147 1139 8644 
9220 
4681 4645 1515 9064 8332 
1993 
468 9742 3472 2609 8105 
139 
9367 6449 5017 6642 1490 
1821 
6768 854 981 212 95 
1899 
3228 7275 1475 2613 6686 
5246 
7907 9340 2242 4330 795 
9606 
4637 2373 1548 4471 34 
1997 
26 8381 1651 4643 5865 
3655 
7424 6820 781 7564 1260 
6068 
3931 8564 9561 2313 1762 
3736 
4274 7272 7504 3937 3591 
7985 
1075 3353 8111 1879 5957 
6307 
550 9035 8000 8737 9830 
5607 
6560 6260 3297 6228 7009 
3162 
5380 1196 8320 6182 547 
6490 
9854 1254 7915 2871 2298 
4712 
7504 5301 4216 5263 1875 
839 
1690 6012 7153 2200 5894 
5987 
5741 2652 7303 7519 9455 
388 
7531 658 4389 9177 9888 
2354 
1006 1463 633 3417 1561 
9257 
3433 3875 2709 3880 4518 
9200 
9399 2615 826 2740 879 
991 
3467 6801 8946 8073 5043 
4757 
8924 1896 1246 6716 8837 
6553 
720 9145 5777 8314 5264 
2723 
3512 3118 6388 4507 1635 
2939 
5320 2721 1462 49 3891 
8659 
370 1041 9716 1904 1348 
2977 
746 4438 4981 6243 4922 
1283 
7132 1002 4199 5583 2879 
6270 
8443 8909 4563 2676 3386 
2887 
7811 8231 1938 7790 1902 
2290 
2033 9038 3765 9295 6112 
433 
9506 6227 1795 204 7658 
2496 
8830 4129 580 530 7296 
7149 
718 7718 3436 7685 9082 
3551 
2598 261 2379 9237 3112 
8548 
3878 4459 7179 6736 6448 
3947 
1156 3094 3503 1837 693 
1232 
375 5352 4155 8303 8221 
5068 
7146 4436 2363 3196 1244 
2436 
916 1164 961 6618 9058 
4647 
4261 1261 1231 6826 393 
8192 
848 5523 4796 9423 9898 
4349 
67 8041 8142 6067 834 
2447 
2447 734 1544 9999 8735 
9679 
5552 5115 694 4738 3262 
7385 
516 1810 5757 1948 6149 
610 
7263 436 5553 7881 3830 
9602 
2165 3696 4533 9732 3295 
7100 
2495 6679 2082 4654 1798 
1389 
9822 7275 7259 7887 3390 
7819 
8236 9057 2804 409 8447 
189 
754 6963 9023 9751 5353 
3164 
6641 2346 3427 786 4597 
4878 
7050 6267 3142 3487 2099 
3524 
183 6355 4257 5725 8174 
7129 
2552 2840 6706 8952 139 
2612 
2980 5683 4235 4462 3006 
405 
4742 4825 8560 9029 3846 
2858 
1429 1347 7409 3354 6278 
3312 
1877 4284 3458 1908 6671 
7898 
5416 599 3242 1631 2271 
8883 
860 8123 1823 5357 5022 
1194 
1899 9803 5497 8666 5781 
8590 
2063 8259 9032 9795 6020 
6558 
9189 2539 2277 2602 3504 
1986 
8621 3089 4583 9949 3633 
8675 
8056 8288 1646 2489 4006 
6203 
6838 3912 2599 6825 2921 
7153 
4823 2769 9102 6637 5386 
6992 
8524 6925 4734 5553 4184 
4890 
8112 6476 996 6330 3186 
646 
4060 3973 1641 4490 5927 
7738 
8660 7877 6032 6588 3989 
969 
4550 1261 4719 3100 5466 
2233 
2510 4796 6713 364 7750 
6986 
8299 2944 9075 6840 2672 
9203 
5761 2194 9287 7121 4716 
4874 
7348 9367 1355 4703 2520 
3679 
5898 8349 8647 183 8044 
2190 
8743 1000 3844 6562 4053 
703 
8732 7480 919 7010 323 
6701 
772 4179 245 2991 3653 
380 
4613 9544 8099 4216 524 
6382 
169 7613 9660 232 8444 
2883 
5456 7230 1466 6302 633 
1253 
1176 6813 4765 2090 9901 
9049 
243 3791 2128 4656 2484 
5351 
1106 8249 3182 9395 1161 
5579 
1977 5167 8769 2887 8264 
1135 
5357 6421 7210 5648 8826 
5396 
9 2773 2464 7680 9730 
5812 
393 3800 8991 4078 1204 
7141 
8882 9115 5284 3188 524 
7189 
2826 1114 7242 7972 3373 
4735 
6902 3895 4752 7194 9161 
4311 
1761 1857 8055 6015 8776 
4150 
3658 1757 97 932 3078 
4359 
2589 2886 5649 9294 3819 
5830 
9570 4266 4198 2617 7086 
1231 
8394 1404 3148 2349 41 
6381 
2873 8330 8977 7193 5211 
8791 
4586 5868 385 1451 3199 
858 
8286 5165 9212 4032 8084 
7908 
6357 5587 1890 4854 9258 
5943 
9271 3922 2729 3282 5621 
9868 
8486 7306 691 481 2206 
8561 
1400 4998 5372 5211 8833 
4848 
9645 3920 9434 7703 4909 
8913 
8926 5245 4503 1739 6578 
8031 
2236 2804 9598 196 725 
1850 
9157 7009 5840 6121 4328 
7920 
5407 1251 6545 2452 8054 
63 
9910 923 3699 2352 9941 
9054 
3396 8398 2865 4219 162 
5326 
2547 5799 699 1397 2174 
3793 
2880 4930 6281 4138 5101 
2916 
9054 3558 564 8181 6753 
2870 
1649 4274 8125 7190 746 
1017 
3980 6997 8038 6176 7063 
7797 
1842 5097 2068 7837 7622 
3471 
3048 600 2713 5739 5713 
4762 
2738 1202 491 7204 237 
2553 
2908 3311 741 1598 1085 
4412 
3586 8766 9394 3029 8237 
7624 
5015 4075 1725 4526 1003 
7951 
5218 2410 4091 7480 6686 
4455 
961 7319 7939 9347 6479 
8331 
1716 1590 3047 1876 4829 
3264 
2387 5292 7135 1631 171 
9077 
7800 3807 2034 9543 9859 
28 
557 3288 9288 2679 122 
7032 
2010 9855 4101 4964 7631 
2982 
8131 459 4374 5833 8176 
5311 
9885 6151 267 3535 807 
3597 
4952 4667 7983 8413 7376 
9920 
4893 5310 8152 2565 8791 
6739 
6712 4018 8651 7277 7368 
4592 
5103 3785 1272 7779 8000 
8552 
3205 9934 72 6132 2682 
9585 
9680 176 1038 8044 2099 
9629 
4199 1699 3977 8254 339 
5891 
8124 9377 6646 7620 2928 
8874 
2647 2203 6978 3147 3027 
6187 
4879 1295 1710 7556 5858 
6911 
1329 2521 7372 4438 8616 
9976 
1018 7192 4164 1871 7606 
982 
2190 7649 3356 7885 9588 
826 
983 7080 1718 8170 8509 
3053 
6432 9941 2308 3813 2864 
8755 
6982 9301 6575 8931 1516 
4345 
2752 5368 212 4262 1465 
4102 
8069 7666 8283 6030 8986 
5782 
121 9058 1474 6073 3921 
1267 
4186 6118 1910 2335 3925 
6869 
8321 8192 5282 1893 8198 
3158 
9767 6962 7636 9707 9858 
1561 
8451 8890 8741 2099 6395 
6605 
1549 3211 6238 3679 2983 
9581 
7274 4535 2025 1152 7291 
5032 
4875 8355 3772 3226 5066 
7942 
796 964 3750 1817 4716 
8247 
5797 1862 6193 4229 2084 
4198 
5522 9485 585 2070 889 
4886 
2295 4804 6483 2009 4298 
1430 
4496 3554 9825 7910 7515 
2077 
6284 1130 4396 1010 3575 
9084 
7060 6268 9692 2414 9689 
2988 
8959 745 8153 6151 9040 
1551 
2343 7030 9861 4981 5884 
5243 
4154 4413 9167 4006 1863 
2640 
7652 5695 8310 2613 6915 
6434 
246 580 3090 2827 8322 
4733 
9133 7435 3069 8541 2039 
9390 
2856 8993 5296 8326 2985 
3682 
9225 1766 11 1936 435 
8371 
6931 9614 7618 5766 686 
7477 
5981 7755 4271 6906 1425 
5152 
1469 6442 7172 990 2944 
7430 
7533 9325 8760 3464 5983 
5775 
9071 6016 9701 9553 5695 
849 
8061 554 2493 5057 5094 
7484 
793 6221 1025 9898 2444 
4818 
8628 7676 2176 5445 978 
924 
8264 1173 5858 7750 8651 
1309 
6634 3696 1466 1110 6496 
6758 
3242 6488 6355 7615 1274 
6212 
1159 8362 2848 6506 6303 
869 
1024 2066 1433 6363 8757 
9476 
1021 6853 5124 2122 372 
6295 
8003 7970 5637 885 5032 
903 
9323 7392 5106 7566 3563 
3911 
4775 7870 8369 5524 6922 
5203 
1367 5170 9982 7408 4924 
7918 
4508 2841 7847 4418 3386 
1359 
7159 8950 4796 9069 8557 
1003 
5010 3999 6651 1551 6888 
2342 
2346 4374 9815 8248 7309 
3109 
8433 8552 7801 6773 9403 
7042 
6843 8001 9541 3186 1720 
2974 
8270 9007 6244 5501 6532 
2422 
2191 8836 7244 136 7953 
4455 
1627 563 1578 7780 5789 
8468 
1058 6355 2990 4477 4412 
4201 
7804 1312 2719 7108 6616 
7322 
1281 7682 5413 3563 4102 
1645 
5782 5411 1973 187 1090 
9930 
2485 8867 6495 8824 5288 
67 
7023 9061 8965 3015 3780 
377 
5460 7068 2930 8309 6593 
5680 
1559 7593 1075 3439 2672 
6115 
9399 9990 68 3559 7322 
